Community Membership
0 0
1 0
2 0
3 0
4 0
5 0
6 0
7 0
8 0
9 3
10 0
11 3
12 0
13 0
14 0
15 0
16 0
17 0
18 0
19 0
20 6
21 6
22 6
23 6
24 6
25 6
26 6
27 6
28 6
29 6
30 6
31 6
32 6
33 6
34 0
35 0
36 0
37 0
38 0
39 0
40 0
41 0
42 0
43 0
44 0
45 0
46 0
47 0
48 0
49 0
50 6
51 6
52 6
53 6
54 6
55 6
56 0
57 0
58 0
59 0
60 0
61 0
62 8
63 0
64 8
65 4
66 8
67 8
68 8
69 0
70 0
71 0
72 0
73 0
74 0
75 0
76 0
77 6
78 6
79 6
80 6
81 6
82 6
83 6
84 6
85 6
86 6
87 0
88 0
89 0
90 0
91 0
92 0
93 0
94 0
95 0
96 0
97 4
98 8
99 4
100 8
101 4
102 4
103 4
104 4
105 5
106 4
107 5
108 5
109 5
110 5
111 5
112 5
113 5
114 5
115 5
116 5
117 5
118 5
119 5
120 5
121 5
122 5
123 5
124 5
125 5
126 5
127 5
128 5
129 4
130 4
131 4
132 4
133 4
134 4
135 4
136 4
137 4
138 4
139 4
140 4
141 4
142 4
143 4
144 4
145 5
146 4
147 5
148 4
149 5
150 5
151 5
152 5
153 5
154 5
155 5
156 5
157 5
158 5
159 5
160 5
161 5
162 5
163 5
164 4
165 5
166 5
167 5
168 5
169 5
170 5
171 5
172 5
173 5
174 5
175 5
176 5
177 5
178 5
179 5
180 5
181 5
182 5
183 5
184 5
185 5
186 5
187 5
188 5
189 4
190 4
191 4
192 4
193 4
194 4
195 4
196 3
197 4
198 4
199 4
200 4
201 4
202 5
203 5
204 5
205 5
206 5
207 5
208 5
209 5
210 5
211 2
212 2
213 2
214 2
215 2
216 2
217 2
218 3
219 3
220 3
221 2
222 4
223 2
224 2
225 2
226 2
227 2
228 2
229 2
230 2
231 7
232 2
233 7
234 7
235 7
236 7
237 7
238 7
239 7
240 7
241 7
242 7
243 7
244 7
245 2
246 2
247 2
248 2
249 2
250 2
251 2
252 2
253 2
254 2
255 2
256 2
257 2
258 2
259 2
260 2
261 2
262 7
263 7
264 7
265 7
266 7
267 2
268 2
269 2
270 2
271 2
272 2
273 3
274 2
275 3
276 3
277 3
278 3
279 3
280 2
281 2
282 2
283 2
284 2
285 2
286 2
287 2
288 7
289 7
290 7
291 7
292 7
293 7
294 7
295 7
296 7
297 7
298 2
299 2
300 2
301 2
302 2
303 2
304 2
305 2
306 2
307 3
308 3
309 3
310 3
311 3
312 3
313 3
314 3
315 1
316 1
317 1
318 1
319 1
320 1
321 1
322 1
323 1
324 9
325 9
326 9
327 9
328 9
329 9
330 9
331 9
332 9
333 9
334 1
335 9
336 1
337 1
338 1
339 1
340 1
341 1
342 3
343 3
344 3
345 3
346 3
347 3
348 3
349 3
350 3
351 3
352 3
353 3
354 3
355 3
356 1
357 1
358 1
359 1
360 1
361 9
362 9
363 9
364 9
365 9
366 9
367 9
368 9
369 9
370 9
371 9
372 1
373 1
374 1
375 3
376 1
377 1
378 1
379 1
380 1
381 9
382 9
383 9
384 9
385 9
386 9
387 9
388 9
389 9
390 9
391 9
392 9
393 9
394 9
395 9
396 1
397 1
398 1
399 1
400 1
401 3
402 3
403 3
404 3
405 3
406 3
407 3
408 3
409 3
410 3
411 1
412 1
413 1
414 1
415 1
416 1
417 9
418 9
419 9
420 9
421 9
Modularity Score
0 0.0000
1 0.2954
2 0.5155
3 0.6631
4 0.7209
5 0.7402
6 0.7445
7 0.7488
8 0.7496
9 0.7510
10 0.7429
11 0.7337
12 0.7226
13 0.7187
14 0.7139
15 0.7031
16 0.6962
17 0.6876
18 0.6756
19 0.6719
20 0.6675
21 0.6598
22 0.6557
23 0.6496
24 0.6456
25 0.6329
26 0.6266
27 0.6212
28 0.6152
29 0.6101
30 0.6079
31 0.6049
32 0.6011
33 0.5920
34 0.5908
35 0.5828
36 0.5779
37 0.5755
38 0.5693
39 0.5622
40 0.5541
41 0.5480
42 0.5432
43 0.5367
44 0.5361
45 0.5332
46 0.5308
47 0.5252
48 0.5228
49 0.5186
50 0.5179
51 0.5156
52 0.5079
53 0.5060
54 0.4996
55 0.4971
56 0.4928
57 0.4890
58 0.4873
59 0.4849
60 0.4843
61 0.4806
62 0.4780
63 0.4735
64 0.4699
65 0.4693
66 0.4657
67 0.4579
68 0.4541
69 0.4522
70 0.4472
71 0.4435
72 0.4377
73 0.4351
74 0.4333
75 0.4288
76 0.4268
77 0.4210
78 0.4203
79 0.4190
80 0.4154
81 0.4117
82 0.4066
83 0.4027
84 0.4001
85 0.3981
86 0.3975
87 0.3963
88 0.3957
89 0.3944
90 0.3907
91 0.3868
92 0.3842
93 0.3836
94 0.3798
95 0.3785
96 0.3766
97 0.3748
98 0.3735
99 0.3689
100 0.3644
101 0.3618
102 0.3592
103 0.3553
104 0.3547
105 0.3528
106 0.3521
107 0.3515
108 0.3502
109 0.3482
110 0.3469
111 0.3430
112 0.3404
113 0.3385
114 0.3372
115 0.3345
116 0.3326
117 0.3319
118 0.3312
119 0.3294
120 0.3281
121 0.3249
122 0.3236
123 0.3230
124 0.3223
125 0.3217
126 0.3191
127 0.3165
128 0.3152
129 0.3127
130 0.3081
131 0.3062
132 0.3036
133 0.3023
134 0.2997
135 0.2984
136 0.2971
137 0.2958
138 0.2932
139 0.2913
140 0.2893
141 0.2874
142 0.2854
143 0.2841
144 0.2828
145 0.2815
146 0.2809
147 0.2783
148 0.2776
149 0.2769
150 0.2756
151 0.2750
152 0.2737
153 0.2717
154 0.2711
155 0.2692
156 0.2672
157 0.2666
158 0.2659
159 0.2646
160 0.2640
161 0.2627
162 0.2607
163 0.2588
164 0.2568
165 0.2562
166 0.2549
167 0.2535
168 0.2522
169 0.2509
170 0.2484
171 0.2464
172 0.2451
173 0.2438
174 0.2424
175 0.2411
176 0.2398
177 0.2378
178 0.2358
179 0.2345
180 0.2325
181 0.2312
182 0.2299
183 0.2279
184 0.2266
185 0.2253
186 0.2240
187 0.2226
188 0.2213
189 0.2200
190 0.2193
191 0.2180
192 0.2160
193 0.2154
194 0.2147
195 0.2134
196 0.2127
197 0.2114
198 0.2107
199 0.2101
200 0.2081
201 0.2068
202 0.2047
203 0.2041
204 0.2035
205 0.2021
206 0.2015
207 0.2008
208 0.1995
209 0.1988
210 0.1981
211 0.1975
212 0.1968
213 0.1955
214 0.1948
215 0.1929
216 0.1916
217 0.1902
218 0.1889
219 0.1876
220 0.1862
221 0.1849
222 0.1829
223 0.1809
224 0.1796
225 0.1783
226 0.1763
227 0.1743
228 0.1729
229 0.1723
230 0.1716
231 0.1709
232 0.1696
233 0.1689
234 0.1676
235 0.1669
236 0.1662
237 0.1649
238 0.1636
239 0.1629
240 0.1622
241 0.1616
242 0.1596
243 0.1589
244 0.1576
245 0.1569
246 0.1563
247 0.1556
248 0.1542
249 0.1536
250 0.1529
251 0.1516
252 0.1509
253 0.1502
254 0.1489
255 0.1483
256 0.1469
257 0.1463
258 0.1456
259 0.1449
260 0.1443
261 0.1429
262 0.1423
263 0.1409
264 0.1403
265 0.1389
266 0.1376
267 0.1369
268 0.1356
269 0.1343
270 0.1336
271 0.1329
272 0.1323
273 0.1316
274 0.1309
275 0.1296
276 0.1290
277 0.1276
278 0.1263
279 0.1250
280 0.1237
281 0.1224
282 0.1217
283 0.1204
284 0.1197
285 0.1191
286 0.1177
287 0.1170
288 0.1157
289 0.1137
290 0.1124
291 0.1110
292 0.1104
293 0.1097
294 0.1090
295 0.1084
296 0.1077
297 0.1071
298 0.1064
299 0.1057
300 0.1051
301 0.1037
302 0.1031
303 0.1024
304 0.1017
305 0.1004
306 0.0991
307 0.0984
308 0.0971
309 0.0964
310 0.0951
311 0.0944
312 0.0931
313 0.0924
314 0.0917
315 0.0911
316 0.0904
317 0.0897
318 0.0890
319 0.0884
320 0.0877
321 0.0871
322 0.0858
323 0.0851
324 0.0845
325 0.0831
326 0.0825
327 0.0811
328 0.0805
329 0.0798
330 0.0791
331 0.0784
332 0.0771
333 0.0758
334 0.0751
335 0.0738
336 0.0731
337 0.0718
338 0.0704
339 0.0698
340 0.0684
341 0.0678
342 0.0671
343 0.0664
344 0.0651
345 0.0644
346 0.0637
347 0.0624
348 0.0611
349 0.0604
350 0.0598
351 0.0584
352 0.0571
353 0.0565
354 0.0558
355 0.0551
356 0.0545
357 0.0538
358 0.0531
359 0.0525
360 0.0518
361 0.0505
362 0.0498
363 0.0485
364 0.0478
365 0.0465
366 0.0458
367 0.0452
368 0.0445
369 0.0438
370 0.0432
371 0.0425
372 0.0418
373 0.0412
374 0.0405
375 0.0398
376 0.0392
377 0.0385
378 0.0372
379 0.0359
380 0.0345
381 0.0339
382 0.0332
383 0.0325
384 0.0312
385 0.0305
386 0.0292
387 0.0285
388 0.0272
389 0.0252
390 0.0245
391 0.0231
392 0.0225
393 0.0218
394 0.0211
395 0.0205
396 0.0198
397 0.0178
398 0.0165
399 0.0158
400 0.0145
401 0.0139
402 0.0132
403 0.0125
404 0.0112
405 0.0105
406 0.0092
407 0.0085
408 0.0078
409 0.0072
410 0.0065
411 0.0058
412 0.0052
413 0.0039
414 0.0032
415 0.0026
416 0.0019
417 0.0006
418 -0.0007
419 -0.0014
420 0.0000
421 -1.0000
0.000000 0.000000 0.000000 2207.000000 140.000000 0.000000 0.000000 0.000000 292.000000 0.000000 
0.000000 0.000000 0.000000 2360.000000 0.000000 0.000000 0.000000 0.000000 0.000000 0.000000 
0.000000 0.000000 0.000000 0.000000 0.000000 0.000000 0.000000 0.000000 0.000000 0.000000 
2207.000000 2360.000000 0.000000 0.000000 9.000000 0.000000 0.000000 0.000000 143.000000 0.000000 
140.000000 0.000000 0.000000 9.000000 0.000000 0.000000 0.000000 0.000000 149.000000 0.000000 
0.000000 0.000000 0.000000 0.000000 0.000000 0.000000 0.000000 0.000000 0.000000 0.000000 
0.000000 0.000000 0.000000 0.000000 0.000000 0.000000 0.000000 0.000000 0.000000 0.000000 
0.000000 0.000000 0.000000 0.000000 0.000000 0.000000 0.000000 0.000000 0.000000 0.000000 
292.000000 0.000000 0.000000 143.000000 149.000000 0.000000 0.000000 0.000000 0.000000 0.000000 
0.000000 0.000000 0.000000 0.000000 0.000000 0.000000 0.000000 0.000000 0.000000 0.000000 

0.000000 0.000000 348.000000 4509.000000 252.000000 0.000000 0.000000 0.000000 950.000000 0.000000 
0.000000 0.000000 0.000000 2360.000000 0.000000 0.000000 0.000000 0.000000 0.000000 0.000000 
348.000000 0.000000 0.000000 2930.000000 143.000000 0.000000 0.000000 0.000000 0.000000 0.000000 
4509.000000 2360.000000 2930.000000 0.000000 632.000000 0.000000 0.000000 0.000000 147.000000 0.000000 
252.000000 0.000000 143.000000 632.000000 0.000000 0.000000 0.000000 0.000000 803.000000 0.000000 
0.000000 0.000000 0.000000 0.000000 0.000000 0.000000 0.000000 0.000000 0.000000 0.000000 
0.000000 0.000000 0.000000 0.000000 0.000000 0.000000 0.000000 0.000000 0.000000 0.000000 
0.000000 0.000000 0.000000 0.000000 0.000000 0.000000 0.000000 0.000000 0.000000 0.000000 
950.000000 0.000000 0.000000 147.000000 803.000000 0.000000 0.000000 0.000000 0.000000 0.000000 
0.000000 0.000000 0.000000 0.000000 0.000000 0.000000 0.000000 0.000000 0.000000 0.000000 

0.000000 0.000000 354.000000 6682.000000 299.000000 0.000000 0.000000 0.000000 1472.000000 0.000000 
0.000000 0.000000 0.000000 2360.000000 0.000000 0.000000 0.000000 0.000000 0.000000 0.000000 
354.000000 0.000000 0.000000 2973.000000 179.000000 0.000000 0.000000 0.000000 0.000000 0.000000 
6682.000000 2360.000000 2973.000000 0.000000 831.000000 0.000000 0.000000 0.000000 386.000000 0.000000 
299.000000 0.000000 179.000000 831.000000 0.000000 0.000000 0.000000 0.000000 1086.000000 0.000000 
0.000000 0.000000 0.000000 0.000000 0.000000 0.000000 0.000000 0.000000 0.000000 0.000000 
0.000000 0.000000 0.000000 0.000000 0.000000 0.000000 0.000000 0.000000 0.000000 0.000000 
0.000000 0.000000 0.000000 0.000000 0.000000 0.000000 0.000000 0.000000 0.000000 0.000000 
1472.000000 0.000000 0.000000 386.000000 1086.000000 0.000000 0.000000 0.000000 0.000000 0.000000 
0.000000 0.000000 0.000000 0.000000 0.000000 0.000000 0.000000 0.000000 0.000000 0.000000 

0.000000 0.000000 354.000000 6746.000000 1181.000000 0.000000 0.000000 0.000000 2885.000000 0.000000 
0.000000 0.000000 0.000000 2360.000000 0.000000 0.000000 0.000000 0.000000 0.000000 0.000000 
354.000000 0.000000 0.000000 2973.000000 179.000000 0.000000 0.000000 0.000000 0.000000 0.000000 
6746.000000 2360.000000 2973.000000 0.000000 851.000000 0.000000 0.000000 0.000000 430.000000 0.000000 
1181.000000 0.000000 179.000000 851.000000 0.000000 0.000000 0.000000 0.000000 2543.000000 0.000000 
0.000000 0.000000 0.000000 0.000000 0.000000 0.000000 0.000000 0.000000 0.000000 0.000000 
0.000000 0.000000 0.000000 0.000000 0.000000 0.000000 0.000000 0.000000 0.000000 0.000000 
0.000000 0.000000 0.000000 0.000000 0.000000 0.000000 0.000000 0.000000 0.000000 0.000000 
2885.000000 0.000000 0.000000 430.000000 2543.000000 0.000000 0.000000 0.000000 0.000000 0.000000 
0.000000 0.000000 0.000000 0.000000 0.000000 0.000000 0.000000 0.000000 0.000000 0.000000 

0.000000 0.000000 354.000000 6978.000000 2649.000000 0.000000 0.000000 0.000000 5491.000000 0.000000 
0.000000 0.000000 0.000000 2360.000000 0.000000 0.000000 0.000000 0.000000 0.000000 0.000000 
354.000000 0.000000 0.000000 2973.000000 179.000000 0.000000 0.000000 0.000000 0.000000 0.000000 
6978.000000 2360.000000 2973.000000 0.000000 996.000000 0.000000 0.000000 0.000000 516.000000 0.000000 
2649.000000 0.000000 179.000000 996.000000 0.000000 4306.000000 0.000000 0.000000 5236.000000 0.000000 
0.000000 0.000000 0.000000 0.000000 4306.000000 0.000000 0.000000 0.000000 0.000000 0.000000 
0.000000 0.000000 0.000000 0.000000 0.000000 0.000000 0.000000 0.000000 0.000000 0.000000 
0.000000 0.000000 0.000000 0.000000 0.000000 0.000000 0.000000 0.000000 0.000000 0.000000 
5491.000000 0.000000 0.000000 516.000000 5236.000000 0.000000 0.000000 0.000000 0.000000 0.000000 
0.000000 0.000000 0.000000 0.000000 0.000000 0.000000 0.000000 0.000000 0.000000 0.000000 

0.000000 0.000000 354.000000 6979.000000 2650.000000 0.000000 1769.000000 0.000000 5493.000000 0.000000 
0.000000 0.000000 0.000000 2360.000000 0.000000 0.000000 0.000000 0.000000 0.000000 0.000000 
354.000000 0.000000 0.000000 2973.000000 179.000000 0.000000 0.000000 0.000000 0.000000 0.000000 
6979.000000 2360.000000 2973.000000 0.000000 996.000000 0.000000 0.000000 0.000000 517.000000 0.000000 
2650.000000 0.000000 179.000000 996.000000 0.000000 4306.000000 0.000000 0.000000 5237.000000 0.000000 
0.000000 0.000000 0.000000 0.000000 4306.000000 0.000000 0.000000 0.000000 0.000000 0.000000 
1769.000000 0.000000 0.000000 0.000000 0.000000 0.000000 0.000000 0.000000 0.000000 0.000000 
0.000000 0.000000 0.000000 0.000000 0.000000 0.000000 0.000000 0.000000 0.000000 0.000000 
5493.000000 0.000000 0.000000 517.000000 5237.000000 0.000000 0.000000 0.000000 0.000000 0.000000 
0.000000 0.000000 0.000000 0.000000 0.000000 0.000000 0.000000 0.000000 0.000000 0.000000 

0.000000 0.000000 594.000000 8032.000000 2706.000000 0.000000 1769.000000 0.000000 5795.000000 0.000000 
0.000000 0.000000 0.000000 2360.000000 0.000000 0.000000 0.000000 0.000000 0.000000 0.000000 
594.000000 0.000000 0.000000 4384.000000 179.000000 0.000000 0.000000 1652.000000 0.000000 0.000000 
8032.000000 2360.000000 4384.000000 0.000000 1354.000000 0.000000 0.000000 0.000000 517.000000 0.000000 
2706.000000 0.000000 179.000000 1354.000000 0.000000 4306.000000 0.000000 0.000000 5539.000000 0.000000 
0.000000 0.000000 0.000000 0.000000 4306.000000 0.000000 0.000000 0.000000 0.000000 0.000000 
1769.000000 0.000000 0.000000 0.000000 0.000000 0.000000 0.000000 0.000000 0.000000 0.000000 
0.000000 0.000000 1652.000000 0.000000 0.000000 0.000000 0.000000 0.000000 0.000000 0.000000 
5795.000000 0.000000 0.000000 517.000000 5539.000000 0.000000 0.000000 0.000000 0.000000 0.000000 
0.000000 0.000000 0.000000 0.000000 0.000000 0.000000 0.000000 0.000000 0.000000 0.000000 

0.000000 0.000000 594.000000 8040.000000 2734.000000 0.000000 1769.000000 0.000000 6170.000000 0.000000 
0.000000 0.000000 0.000000 2360.000000 0.000000 0.000000 0.000000 0.000000 0.000000 0.000000 
594.000000 0.000000 0.000000 4384.000000 179.000000 0.000000 0.000000 1652.000000 0.000000 0.000000 
8040.000000 2360.000000 4384.000000 0.000000 1354.000000 0.000000 0.000000 0.000000 525.000000 0.000000 
2734.000000 0.000000 179.000000 1354.000000 0.000000 4306.000000 0.000000 0.000000 5567.000000 0.000000 
0.000000 0.000000 0.000000 0.000000 4306.000000 0.000000 0.000000 0.000000 0.000000 0.000000 
1769.000000 0.000000 0.000000 0.000000 0.000000 0.000000 0.000000 0.000000 0.000000 0.000000 
0.000000 0.000000 1652.000000 0.000000 0.000000 0.000000 0.000000 0.000000 0.000000 0.000000 
6170.000000 0.000000 0.000000 525.000000 5567.000000 0.000000 0.000000 0.000000 0.000000 0.000000 
0.000000 0.000000 0.000000 0.000000 0.000000 0.000000 0.000000 0.000000 0.000000 0.000000 

0.000000 0.000000 594.000000 10328.000000 2833.000000 0.000000 1769.000000 0.000000 6459.000000 0.000000 
0.000000 0.000000 0.000000 4838.000000 0.000000 0.000000 0.000000 0.000000 0.000000 2478.000000 
594.000000 0.000000 0.000000 4384.000000 179.000000 0.000000 0.000000 1652.000000 0.000000 0.000000 
10328.000000 4838.000000 4384.000000 0.000000 1354.000000 0.000000 0.000000 0.000000 714.000000 0.000000 
2833.000000 0.000000 179.000000 1354.000000 0.000000 4306.000000 0.000000 0.000000 5666.000000 0.000000 
0.000000 0.000000 0.000000 0.000000 4306.000000 0.000000 0.000000 0.000000 0.000000 0.000000 
1769.000000 0.000000 0.000000 0.000000 0.000000 0.000000 0.000000 0.000000 0.000000 0.000000 
0.000000 0.000000 1652.000000 0.000000 0.000000 0.000000 0.000000 0.000000 0.000000 0.000000 
6459.000000 0.000000 0.000000 714.000000 5666.000000 0.000000 0.000000 0.000000 0.000000 0.000000 
0.000000 2478.000000 0.000000 0.000000 0.000000 0.000000 0.000000 0.000000 0.000000 0.000000 

0.000000 0.000000 594.000000 10328.000000 2833.000000 0.000000 1769.000000 0.000000 6459.000000 0.000000 
0.000000 0.000000 0.000000 7158.000000 0.000000 0.000000 0.000000 0.000000 0.000000 2478.000000 
594.000000 0.000000 0.000000 6704.000000 179.000000 0.000000 0.000000 1652.000000 0.000000 0.000000 
10328.000000 7158.000000 6704.000000 0.000000 1354.000000 0.000000 0.000000 0.000000 714.000000 0.000000 
2833.000000 0.000000 179.000000 1354.000000 0.000000 4306.000000 0.000000 0.000000 5666.000000 0.000000 
0.000000 0.000000 0.000000 0.000000 4306.000000 0.000000 0.000000 0.000000 0.000000 0.000000 
1769.000000 0.000000 0.000000 0.000000 0.000000 0.000000 0.000000 0.000000 0.000000 0.000000 
0.000000 0.000000 1652.000000 0.000000 0.000000 0.000000 0.000000 0.000000 0.000000 0.000000 
6459.000000 0.000000 0.000000 714.000000 5666.000000 0.000000 0.000000 0.000000 0.000000 0.000000 
0.000000 2478.000000 0.000000 0.000000 0.000000 0.000000 0.000000 0.000000 0.000000 0.000000 

0.000000 0.000000 594.000000 10328.000000 2833.000000 0.000000 1769.000000 0.000000 6459.000000 0.000000 
0.000000 0.000000 0.000000 8958.000000 0.000000 0.000000 0.000000 0.000000 0.000000 2478.000000 
594.000000 0.000000 0.000000 6704.000000 179.000000 0.000000 0.000000 1652.000000 0.000000 0.000000 
10328.000000 8958.000000 6704.000000 0.000000 1354.000000 0.000000 0.000000 0.000000 714.000000 0.000000 
2833.000000 0.000000 179.000000 1354.000000 0.000000 4306.000000 0.000000 0.000000 5666.000000 0.000000 
0.000000 0.000000 0.000000 0.000000 4306.000000 0.000000 0.000000 0.000000 0.000000 0.000000 
1769.000000 0.000000 0.000000 0.000000 0.000000 0.000000 0.000000 0.000000 0.000000 0.000000 
0.000000 0.000000 1652.000000 0.000000 0.000000 0.000000 0.000000 0.000000 0.000000 0.000000 
6459.000000 0.000000 0.000000 714.000000 5666.000000 0.000000 0.000000 0.000000 0.000000 0.000000 
0.000000 2478.000000 0.000000 0.000000 0.000000 0.000000 0.000000 0.000000 0.000000 0.000000 

0.000000 0.000000 594.000000 10371.000000 2878.000000 0.000000 1769.000000 0.000000 6461.000000 0.000000 
0.000000 0.000000 0.000000 10558.000000 0.000000 0.000000 0.000000 0.000000 0.000000 2478.000000 
594.000000 0.000000 0.000000 6714.000000 189.000000 0.000000 0.000000 1652.000000 0.000000 0.000000 
10371.000000 10558.000000 6714.000000 0.000000 2766.000000 0.000000 0.000000 0.000000 848.000000 0.000000 
2878.000000 0.000000 189.000000 2766.000000 0.000000 4306.000000 0.000000 0.000000 5797.000000 0.000000 
0.000000 0.000000 0.000000 0.000000 4306.000000 0.000000 0.000000 0.000000 0.000000 0.000000 
1769.000000 0.000000 0.000000 0.000000 0.000000 0.000000 0.000000 0.000000 0.000000 0.000000 
0.000000 0.000000 1652.000000 0.000000 0.000000 0.000000 0.000000 0.000000 0.000000 0.000000 
6461.000000 0.000000 0.000000 848.000000 5797.000000 0.000000 0.000000 0.000000 0.000000 0.000000 
0.000000 2478.000000 0.000000 0.000000 0.000000 0.000000 0.000000 0.000000 0.000000 0.000000 

0.000000 0.000000 594.000000 10371.000000 2878.000000 0.000000 1769.000000 0.000000 6461.000000 0.000000 
0.000000 0.000000 0.000000 13478.000000 0.000000 0.000000 0.000000 0.000000 0.000000 2478.000000 
594.000000 0.000000 0.000000 6714.000000 189.000000 0.000000 0.000000 1652.000000 0.000000 0.000000 
10371.000000 13478.000000 6714.000000 0.000000 5678.000000 0.000000 0.000000 0.000000 855.000000 0.000000 
2878.000000 0.000000 189.000000 5678.000000 0.000000 7225.000000 0.000000 0.000000 5804.000000 0.000000 
0.000000 0.000000 0.000000 0.000000 7225.000000 0.000000 0.000000 0.000000 0.000000 0.000000 
1769.000000 0.000000 0.000000 0.000000 0.000000 0.000000 0.000000 0.000000 0.000000 0.000000 
0.000000 0.000000 1652.000000 0.000000 0.000000 0.000000 0.000000 0.000000 0.000000 0.000000 
6461.000000 0.000000 0.000000 855.000000 5804.000000 0.000000 0.000000 0.000000 0.000000 0.000000 
0.000000 2478.000000 0.000000 0.000000 0.000000 0.000000 0.000000 0.000000 0.000000 0.000000 

0.000000 0.000000 594.000000 11571.000000 2878.000000 0.000000 2969.000000 0.000000 6461.000000 0.000000 
0.000000 0.000000 0.000000 14678.000000 0.000000 0.000000 0.000000 0.000000 0.000000 2478.000000 
594.000000 0.000000 0.000000 6714.000000 189.000000 0.000000 0.000000 1652.000000 0.000000 0.000000 
11571.000000 14678.000000 6714.000000 0.000000 5678.000000 0.000000 0.000000 0.000000 855.000000 0.000000 
2878.000000 0.000000 189.000000 5678.000000 0.000000 7225.000000 0.000000 0.000000 5804.000000 0.000000 
0.000000 0.000000 0.000000 0.000000 7225.000000 0.000000 0.000000 0.000000 0.000000 0.000000 
2969.000000 0.000000 0.000000 0.000000 0.000000 0.000000 0.000000 0.000000 0.000000 0.000000 
0.000000 0.000000 1652.000000 0.000000 0.000000 0.000000 0.000000 0.000000 0.000000 0.000000 
6461.000000 0.000000 0.000000 855.000000 5804.000000 0.000000 0.000000 0.000000 0.000000 0.000000 
0.000000 2478.000000 0.000000 0.000000 0.000000 0.000000 0.000000 0.000000 0.000000 0.000000 

0.000000 0.000000 594.000000 11571.000000 2878.000000 0.000000 2969.000000 0.000000 6461.000000 0.000000 
0.000000 0.000000 0.000000 15798.000000 0.000000 0.000000 0.000000 0.000000 0.000000 2478.000000 
594.000000 0.000000 0.000000 7834.000000 189.000000 0.000000 0.000000 2772.000000 0.000000 0.000000 
11571.000000 15798.000000 7834.000000 0.000000 5678.000000 0.000000 0.000000 0.000000 855.000000 0.000000 
2878.000000 0.000000 189.000000 5678.000000 0.000000 7225.000000 0.000000 0.000000 5804.000000 0.000000 
0.000000 0.000000 0.000000 0.000000 7225.000000 0.000000 0.000000 0.000000 0.000000 0.000000 
2969.000000 0.000000 0.000000 0.000000 0.000000 0.000000 0.000000 0.000000 0.000000 0.000000 
0.000000 0.000000 2772.000000 0.000000 0.000000 0.000000 0.000000 0.000000 0.000000 0.000000 
6461.000000 0.000000 0.000000 855.000000 5804.000000 0.000000 0.000000 0.000000 0.000000 0.000000 
0.000000 2478.000000 0.000000 0.000000 0.000000 0.000000 0.000000 0.000000 0.000000 0.000000 

0.000000 0.000000 594.000000 11739.000000 2897.000000 0.000000 2969.000000 0.000000 6610.000000 0.000000 
0.000000 0.000000 0.000000 16078.000000 0.000000 0.000000 0.000000 0.000000 0.000000 2478.000000 
594.000000 0.000000 0.000000 7834.000000 189.000000 0.000000 0.000000 2772.000000 0.000000 0.000000 
11739.000000 16078.000000 7834.000000 0.000000 5681.000000 0.000000 0.000000 0.000000 963.000000 0.000000 
2897.000000 0.000000 189.000000 5681.000000 0.000000 7225.000000 0.000000 0.000000 5826.000000 0.000000 
0.000000 0.000000 0.000000 0.000000 7225.000000 0.000000 0.000000 0.000000 0.000000 0.000000 
2969.000000 0.000000 0.000000 0.000000 0.000000 0.000000 0.000000 0.000000 0.000000 0.000000 
0.000000 0.000000 2772.000000 0.000000 0.000000 0.000000 0.000000 0.000000 0.000000 0.000000 
6610.000000 0.000000 0.000000 963.000000 5826.000000 0.000000 0.000000 0.000000 0.000000 0.000000 
0.000000 2478.000000 0.000000 0.000000 0.000000 0.000000 0.000000 0.000000 0.000000 0.000000 

0.000000 0.000000 594.000000 11739.000000 2897.000000 0.000000 2969.000000 0.000000 6610.000000 0.000000 
0.000000 0.000000 0.000000 16078.000000 0.000000 0.000000 0.000000 0.000000 0.000000 4158.000000 
594.000000 0.000000 0.000000 7834.000000 189.000000 0.000000 0.000000 2772.000000 0.000000 0.000000 
11739.000000 16078.000000 7834.000000 0.000000 5681.000000 0.000000 0.000000 0.000000 963.000000 0.000000 
2897.000000 0.000000 189.000000 5681.000000 0.000000 7225.000000 0.000000 0.000000 5826.000000 0.000000 
0.000000 0.000000 0.000000 0.000000 7225.000000 0.000000 0.000000 0.000000 0.000000 0.000000 
2969.000000 0.000000 0.000000 0.000000 0.000000 0.000000 0.000000 0.000000 0.000000 0.000000 
0.000000 0.000000 2772.000000 0.000000 0.000000 0.000000 0.000000 0.000000 0.000000 0.000000 
6610.000000 0.000000 0.000000 963.000000 5826.000000 0.000000 0.000000 0.000000 0.000000 0.000000 
0.000000 4158.000000 0.000000 0.000000 0.000000 0.000000 0.000000 0.000000 0.000000 0.000000 

0.000000 0.000000 594.000000 11739.000000 2897.000000 0.000000 2969.000000 0.000000 6610.000000 0.000000 
0.000000 0.000000 0.000000 16078.000000 0.000000 0.000000 0.000000 0.000000 0.000000 4158.000000 
594.000000 0.000000 0.000000 10443.000000 189.000000 0.000000 0.000000 2772.000000 0.000000 0.000000 
11739.000000 16078.000000 10443.000000 0.000000 5681.000000 0.000000 0.000000 0.000000 963.000000 0.000000 
2897.000000 0.000000 189.000000 5681.000000 0.000000 7225.000000 0.000000 0.000000 5826.000000 0.000000 
0.000000 0.000000 0.000000 0.000000 7225.000000 0.000000 0.000000 0.000000 0.000000 0.000000 
2969.000000 0.000000 0.000000 0.000000 0.000000 0.000000 0.000000 0.000000 0.000000 0.000000 
0.000000 0.000000 2772.000000 0.000000 0.000000 0.000000 0.000000 0.000000 0.000000 0.000000 
6610.000000 0.000000 0.000000 963.000000 5826.000000 0.000000 0.000000 0.000000 0.000000 0.000000 
0.000000 4158.000000 0.000000 0.000000 0.000000 0.000000 0.000000 0.000000 0.000000 0.000000 

0.000000 0.000000 594.000000 11749.000000 2908.000000 0.000000 2969.000000 0.000000 6610.000000 0.000000 
0.000000 0.000000 0.000000 16078.000000 0.000000 0.000000 0.000000 0.000000 0.000000 4158.000000 
594.000000 0.000000 0.000000 12459.000000 492.000000 0.000000 0.000000 2772.000000 0.000000 0.000000 
11749.000000 16078.000000 12459.000000 0.000000 7672.000000 0.000000 0.000000 0.000000 977.000000 0.000000 
2908.000000 0.000000 492.000000 7672.000000 0.000000 7225.000000 0.000000 0.000000 5840.000000 0.000000 
0.000000 0.000000 0.000000 0.000000 7225.000000 0.000000 0.000000 0.000000 0.000000 0.000000 
2969.000000 0.000000 0.000000 0.000000 0.000000 0.000000 0.000000 0.000000 0.000000 0.000000 
0.000000 0.000000 2772.000000 0.000000 0.000000 0.000000 0.000000 0.000000 0.000000 0.000000 
6610.000000 0.000000 0.000000 977.000000 5840.000000 0.000000 0.000000 0.000000 0.000000 0.000000 
0.000000 4158.000000 0.000000 0.000000 0.000000 0.000000 0.000000 0.000000 0.000000 0.000000 

0.000000 0.000000 594.000000 11749.000000 2908.000000 0.000000 2969.000000 0.000000 6610.000000 0.000000 
0.000000 0.000000 0.000000 16078.000000 0.000000 0.000000 0.000000 0.000000 0.000000 4158.000000 
594.000000 0.000000 0.000000 16620.000000 565.000000 0.000000 0.000000 2772.000000 0.000000 0.000000 
11749.000000 16078.000000 16620.000000 0.000000 11833.000000 0.000000 0.000000 0.000000 977.000000 0.000000 
2908.000000 0.000000 565.000000 11833.000000 0.000000 11458.000000 0.000000 0.000000 5840.000000 0.000000 
0.000000 0.000000 0.000000 0.000000 11458.000000 0.000000 0.000000 0.000000 0.000000 0.000000 
2969.000000 0.000000 0.000000 0.000000 0.000000 0.000000 0.000000 0.000000 0.000000 0.000000 
0.000000 0.000000 2772.000000 0.000000 0.000000 0.000000 0.000000 0.000000 0.000000 0.000000 
6610.000000 0.000000 0.000000 977.000000 5840.000000 0.000000 0.000000 0.000000 0.000000 0.000000 
0.000000 4158.000000 0.000000 0.000000 0.000000 0.000000 0.000000 0.000000 0.000000 0.000000 

0.000000 0.000000 876.000000 13169.000000 2939.000000 0.000000 4708.000000 0.000000 6615.000000 0.000000 
0.000000 0.000000 0.000000 16078.000000 0.000000 0.000000 0.000000 0.000000 0.000000 4158.000000 
876.000000 0.000000 0.000000 18043.000000 598.000000 0.000000 0.000000 2772.000000 0.000000 0.000000 
13169.000000 16078.000000 18043.000000 0.000000 11836.000000 0.000000 0.000000 0.000000 977.000000 0.000000 
2939.000000 0.000000 598.000000 11836.000000 0.000000 11458.000000 0.000000 0.000000 5845.000000 0.000000 
0.000000 0.000000 0.000000 0.000000 11458.000000 0.000000 0.000000 0.000000 0.000000 0.000000 
4708.000000 0.000000 0.000000 0.000000 0.000000 0.000000 0.000000 0.000000 0.000000 0.000000 
0.000000 0.000000 2772.000000 0.000000 0.000000 0.000000 0.000000 0.000000 0.000000 0.000000 
6615.000000 0.000000 0.000000 977.000000 5845.000000 0.000000 0.000000 0.000000 0.000000 0.000000 
0.000000 4158.000000 0.000000 0.000000 0.000000 0.000000 0.000000 0.000000 0.000000 0.000000 

0.000000 0.000000 876.000000 13169.000000 2939.000000 0.000000 4708.000000 0.000000 6615.000000 0.000000 
0.000000 0.000000 0.000000 16078.000000 0.000000 0.000000 0.000000 0.000000 0.000000 4158.000000 
876.000000 0.000000 0.000000 18043.000000 598.000000 0.000000 0.000000 4396.000000 0.000000 0.000000 
13169.000000 16078.000000 18043.000000 0.000000 11836.000000 0.000000 0.000000 0.000000 977.000000 0.000000 
2939.000000 0.000000 598.000000 11836.000000 0.000000 11458.000000 0.000000 0.000000 5845.000000 0.000000 
0.000000 0.000000 0.000000 0.000000 11458.000000 0.000000 0.000000 0.000000 0.000000 0.000000 
4708.000000 0.000000 0.000000 0.000000 0.000000 0.000000 0.000000 0.000000 0.000000 0.000000 
0.000000 0.000000 4396.000000 0.000000 0.000000 0.000000 0.000000 0.000000 0.000000 0.000000 
6615.000000 0.000000 0.000000 977.000000 5845.000000 0.000000 0.000000 0.000000 0.000000 0.000000 
0.000000 4158.000000 0.000000 0.000000 0.000000 0.000000 0.000000 0.000000 0.000000 0.000000 

0.000000 0.000000 878.000000 13304.000000 2943.000000 0.000000 4708.000000 0.000000 6748.000000 0.000000 
0.000000 0.000000 0.000000 16078.000000 0.000000 0.000000 0.000000 0.000000 0.000000 4158.000000 
878.000000 0.000000 0.000000 18416.000000 628.000000 0.000000 0.000000 4396.000000 0.000000 0.000000 
13304.000000 16078.000000 18416.000000 0.000000 11983.000000 0.000000 0.000000 0.000000 1067.000000 0.000000 
2943.000000 0.000000 628.000000 11983.000000 0.000000 11458.000000 0.000000 0.000000 6026.000000 0.000000 
0.000000 0.000000 0.000000 0.000000 11458.000000 0.000000 0.000000 0.000000 0.000000 0.000000 
4708.000000 0.000000 0.000000 0.000000 0.000000 0.000000 0.000000 0.000000 0.000000 0.000000 
0.000000 0.000000 4396.000000 0.000000 0.000000 0.000000 0.000000 0.000000 0.000000 0.000000 
6748.000000 0.000000 0.000000 1067.000000 6026.000000 0.000000 0.000000 0.000000 0.000000 0.000000 
0.000000 4158.000000 0.000000 0.000000 0.000000 0.000000 0.000000 0.000000 0.000000 0.000000 

0.000000 0.000000 878.000000 13304.000000 2943.000000 0.000000 4708.000000 0.000000 6748.000000 0.000000 
0.000000 0.000000 0.000000 18514.000000 0.000000 0.000000 0.000000 0.000000 0.000000 6594.000000 
878.000000 0.000000 0.000000 20852.000000 628.000000 0.000000 0.000000 4396.000000 0.000000 0.000000 
13304.000000 18514.000000 20852.000000 0.000000 11983.000000 0.000000 0.000000 0.000000 1067.000000 0.000000 
2943.000000 0.000000 628.000000 11983.000000 0.000000 11458.000000 0.000000 0.000000 6026.000000 0.000000 
0.000000 0.000000 0.000000 0.000000 11458.000000 0.000000 0.000000 0.000000 0.000000 0.000000 
4708.000000 0.000000 0.000000 0.000000 0.000000 0.000000 0.000000 0.000000 0.000000 0.000000 
0.000000 0.000000 4396.000000 0.000000 0.000000 0.000000 0.000000 0.000000 0.000000 0.000000 
6748.000000 0.000000 0.000000 1067.000000 6026.000000 0.000000 0.000000 0.000000 0.000000 0.000000 
0.000000 6594.000000 0.000000 0.000000 0.000000 0.000000 0.000000 0.000000 0.000000 0.000000 

0.000000 0.000000 878.000000 13374.000000 3011.000000 0.000000 4708.000000 0.000000 6750.000000 0.000000 
0.000000 0.000000 0.000000 18514.000000 0.000000 0.000000 0.000000 0.000000 0.000000 6594.000000 
878.000000 0.000000 0.000000 20910.000000 686.000000 0.000000 0.000000 4396.000000 0.000000 0.000000 
13374.000000 18514.000000 20910.000000 0.000000 13391.000000 0.000000 0.000000 0.000000 1329.000000 0.000000 
3011.000000 0.000000 686.000000 13391.000000 0.000000 11458.000000 0.000000 0.000000 6291.000000 0.000000 
0.000000 0.000000 0.000000 0.000000 11458.000000 0.000000 0.000000 0.000000 0.000000 0.000000 
4708.000000 0.000000 0.000000 0.000000 0.000000 0.000000 0.000000 0.000000 0.000000 0.000000 
0.000000 0.000000 4396.000000 0.000000 0.000000 0.000000 0.000000 0.000000 0.000000 0.000000 
6750.000000 0.000000 0.000000 1329.000000 6291.000000 0.000000 0.000000 0.000000 0.000000 0.000000 
0.000000 6594.000000 0.000000 0.000000 0.000000 0.000000 0.000000 0.000000 0.000000 0.000000 

0.000000 0.000000 878.000000 13382.000000 3019.000000 0.000000 4708.000000 0.000000 6750.000000 0.000000 
0.000000 0.000000 0.000000 18514.000000 0.000000 0.000000 0.000000 0.000000 0.000000 6594.000000 
878.000000 0.000000 0.000000 20910.000000 686.000000 0.000000 0.000000 4396.000000 0.000000 0.000000 
13382.000000 18514.000000 20910.000000 0.000000 16479.000000 0.000000 0.000000 0.000000 1516.000000 0.000000 
3019.000000 0.000000 686.000000 16479.000000 0.000000 14742.000000 0.000000 0.000000 6478.000000 0.000000 
0.000000 0.000000 0.000000 0.000000 14742.000000 0.000000 0.000000 0.000000 0.000000 0.000000 
4708.000000 0.000000 0.000000 0.000000 0.000000 0.000000 0.000000 0.000000 0.000000 0.000000 
0.000000 0.000000 4396.000000 0.000000 0.000000 0.000000 0.000000 0.000000 0.000000 0.000000 
6750.000000 0.000000 0.000000 1516.000000 6478.000000 0.000000 0.000000 0.000000 0.000000 0.000000 
0.000000 6594.000000 0.000000 0.000000 0.000000 0.000000 0.000000 0.000000 0.000000 0.000000 

0.000000 0.000000 878.000000 14648.000000 3076.000000 0.000000 6057.000000 0.000000 6776.000000 0.000000 
0.000000 0.000000 0.000000 18514.000000 0.000000 0.000000 0.000000 0.000000 0.000000 6594.000000 
878.000000 0.000000 0.000000 20935.000000 711.000000 0.000000 0.000000 4396.000000 0.000000 0.000000 
14648.000000 18514.000000 20935.000000 0.000000 16535.000000 0.000000 0.000000 0.000000 1518.000000 0.000000 
3076.000000 0.000000 711.000000 16535.000000 0.000000 14742.000000 0.000000 0.000000 6502.000000 0.000000 
0.000000 0.000000 0.000000 0.000000 14742.000000 0.000000 0.000000 0.000000 0.000000 0.000000 
6057.000000 0.000000 0.000000 0.000000 0.000000 0.000000 0.000000 0.000000 0.000000 0.000000 
0.000000 0.000000 4396.000000 0.000000 0.000000 0.000000 0.000000 0.000000 0.000000 0.000000 
6776.000000 0.000000 0.000000 1518.000000 6502.000000 0.000000 0.000000 0.000000 0.000000 0.000000 
0.000000 6594.000000 0.000000 0.000000 0.000000 0.000000 0.000000 0.000000 0.000000 0.000000 

0.000000 0.000000 878.000000 14648.000000 3076.000000 0.000000 6057.000000 0.000000 6776.000000 0.000000 
0.000000 0.000000 0.000000 18514.000000 0.000000 0.000000 0.000000 0.000000 0.000000 6594.000000 
878.000000 0.000000 0.000000 22195.000000 711.000000 0.000000 0.000000 5656.000000 0.000000 0.000000 
14648.000000 18514.000000 22195.000000 0.000000 16535.000000 0.000000 0.000000 0.000000 1518.000000 0.000000 
3076.000000 0.000000 711.000000 16535.000000 0.000000 14742.000000 0.000000 0.000000 6502.000000 0.000000 
0.000000 0.000000 0.000000 0.000000 14742.000000 0.000000 0.000000 0.000000 0.000000 0.000000 
6057.000000 0.000000 0.000000 0.000000 0.000000 0.000000 0.000000 0.000000 0.000000 0.000000 
0.000000 0.000000 5656.000000 0.000000 0.000000 0.000000 0.000000 0.000000 0.000000 0.000000 
6776.000000 0.000000 0.000000 1518.000000 6502.000000 0.000000 0.000000 0.000000 0.000000 0.000000 
0.000000 6594.000000 0.000000 0.000000 0.000000 0.000000 0.000000 0.000000 0.000000 0.000000 

0.000000 0.000000 878.000000 14774.000000 3093.000000 0.000000 6057.000000 0.000000 6885.000000 0.000000 
0.000000 0.000000 0.000000 18514.000000 0.000000 0.000000 0.000000 0.000000 0.000000 6594.000000 
878.000000 0.000000 0.000000 22199.000000 715.000000 0.000000 0.000000 5656.000000 0.000000 0.000000 
14774.000000 18514.000000 22199.000000 0.000000 16577.000000 0.000000 0.000000 0.000000 1659.000000 0.000000 
3093.000000 0.000000 715.000000 16577.000000 0.000000 14742.000000 0.000000 0.000000 6565.000000 0.000000 
0.000000 0.000000 0.000000 0.000000 14742.000000 0.000000 0.000000 0.000000 0.000000 0.000000 
6057.000000 0.000000 0.000000 0.000000 0.000000 0.000000 0.000000 0.000000 0.000000 0.000000 
0.000000 0.000000 5656.000000 0.000000 0.000000 0.000000 0.000000 0.000000 0.000000 0.000000 
6885.000000 0.000000 0.000000 1659.000000 6565.000000 0.000000 0.000000 0.000000 0.000000 0.000000 
0.000000 6594.000000 0.000000 0.000000 0.000000 0.000000 0.000000 0.000000 0.000000 0.000000 

0.000000 0.000000 878.000000 14774.000000 3093.000000 0.000000 6057.000000 0.000000 6885.000000 0.000000 
0.000000 0.000000 0.000000 20403.000000 0.000000 0.000000 0.000000 0.000000 0.000000 8483.000000 
878.000000 0.000000 0.000000 22199.000000 715.000000 0.000000 0.000000 5656.000000 0.000000 0.000000 
14774.000000 20403.000000 22199.000000 0.000000 16577.000000 0.000000 0.000000 0.000000 1659.000000 0.000000 
3093.000000 0.000000 715.000000 16577.000000 0.000000 14742.000000 0.000000 0.000000 6565.000000 0.000000 
0.000000 0.000000 0.000000 0.000000 14742.000000 0.000000 0.000000 0.000000 0.000000 0.000000 
6057.000000 0.000000 0.000000 0.000000 0.000000 0.000000 0.000000 0.000000 0.000000 0.000000 
0.000000 0.000000 5656.000000 0.000000 0.000000 0.000000 0.000000 0.000000 0.000000 0.000000 
6885.000000 0.000000 0.000000 1659.000000 6565.000000 0.000000 0.000000 0.000000 0.000000 0.000000 
0.000000 8483.000000 0.000000 0.000000 0.000000 0.000000 0.000000 0.000000 0.000000 0.000000 

0.000000 0.000000 878.000000 14774.000000 3093.000000 0.000000 6057.000000 0.000000 6885.000000 0.000000 
0.000000 0.000000 0.000000 20403.000000 0.000000 0.000000 0.000000 0.000000 0.000000 8483.000000 
878.000000 0.000000 0.000000 22199.000000 715.000000 0.000000 0.000000 5656.000000 0.000000 0.000000 
14774.000000 20403.000000 22199.000000 0.000000 16577.000000 0.000000 0.000000 0.000000 1659.000000 0.000000 
3093.000000 0.000000 715.000000 16577.000000 0.000000 17662.000000 0.000000 0.000000 6565.000000 0.000000 
0.000000 0.000000 0.000000 0.000000 17662.000000 0.000000 0.000000 0.000000 0.000000 0.000000 
6057.000000 0.000000 0.000000 0.000000 0.000000 0.000000 0.000000 0.000000 0.000000 0.000000 
0.000000 0.000000 5656.000000 0.000000 0.000000 0.000000 0.000000 0.000000 0.000000 0.000000 
6885.000000 0.000000 0.000000 1659.000000 6565.000000 0.000000 0.000000 0.000000 0.000000 0.000000 
0.000000 8483.000000 0.000000 0.000000 0.000000 0.000000 0.000000 0.000000 0.000000 0.000000 

0.000000 0.000000 878.000000 14774.000000 3669.000000 0.000000 7257.000000 0.000000 7508.000000 0.000000 
0.000000 0.000000 0.000000 20403.000000 0.000000 0.000000 0.000000 0.000000 0.000000 8483.000000 
878.000000 0.000000 0.000000 22199.000000 715.000000 0.000000 0.000000 5656.000000 0.000000 0.000000 
14774.000000 20403.000000 22199.000000 0.000000 16577.000000 0.000000 0.000000 0.000000 1659.000000 0.000000 
3669.000000 0.000000 715.000000 16577.000000 0.000000 17662.000000 0.000000 0.000000 7188.000000 0.000000 
0.000000 0.000000 0.000000 0.000000 17662.000000 0.000000 0.000000 0.000000 0.000000 0.000000 
7257.000000 0.000000 0.000000 0.000000 0.000000 0.000000 0.000000 0.000000 0.000000 0.000000 
0.000000 0.000000 5656.000000 0.000000 0.000000 0.000000 0.000000 0.000000 0.000000 0.000000 
7508.000000 0.000000 0.000000 1659.000000 7188.000000 0.000000 0.000000 0.000000 0.000000 0.000000 
0.000000 8483.000000 0.000000 0.000000 0.000000 0.000000 0.000000 0.000000 0.000000 0.000000 

0.000000 0.000000 878.000000 14774.000000 3669.000000 0.000000 7257.000000 0.000000 7508.000000 0.000000 
0.000000 0.000000 0.000000 20403.000000 0.000000 0.000000 0.000000 0.000000 0.000000 8483.000000 
878.000000 0.000000 0.000000 23221.000000 812.000000 0.000000 0.000000 6775.000000 0.000000 0.000000 
14774.000000 20403.000000 23221.000000 0.000000 17599.000000 0.000000 0.000000 0.000000 1659.000000 0.000000 
3669.000000 0.000000 812.000000 17599.000000 0.000000 17662.000000 0.000000 0.000000 7188.000000 0.000000 
0.000000 0.000000 0.000000 0.000000 17662.000000 0.000000 0.000000 0.000000 0.000000 0.000000 
7257.000000 0.000000 0.000000 0.000000 0.000000 0.000000 0.000000 0.000000 0.000000 0.000000 
0.000000 0.000000 6775.000000 0.000000 0.000000 0.000000 0.000000 0.000000 0.000000 0.000000 
7508.000000 0.000000 0.000000 1659.000000 7188.000000 0.000000 0.000000 0.000000 0.000000 0.000000 
0.000000 8483.000000 0.000000 0.000000 0.000000 0.000000 0.000000 0.000000 0.000000 0.000000 

0.000000 0.000000 878.000000 14774.000000 3686.000000 0.000000 7257.000000 0.000000 7525.000000 0.000000 
0.000000 0.000000 0.000000 20403.000000 0.000000 0.000000 0.000000 0.000000 0.000000 8483.000000 
878.000000 0.000000 0.000000 23221.000000 812.000000 0.000000 0.000000 6775.000000 0.000000 0.000000 
